{
    "data": {
        "corr": [
            [
                1.0,
                0.46889032242878687,
                0.5473686644832875,
                0.2960505738298175,
                0.481626855841145,
                0.054493820474647965,
                0.5902067895928294,
                0.06644487748049527,
                0.5647163174895149,
                0.3347431512690561,
                0.24642429723446463,
                0.28166385807748756,
                0.2676675345124392,
                0.4209331175269068,
                0.22663278110556462,
                0.4666017266587248,
                0.28810296326151646,
                0.5317365026837854,
                0.5066655918932289,
                0.04493111870118678,
                0.08208246467159007,
                0.4786258944923663,
                0.3335003666883882,
                0.49574231849179734,
                0.5467936280145121,
                0.4706057294485027,
                0.2703226893026421,
                0.3366704998705049,
                0.5397101301390951,
                0.20842415534100583,
                0.4996668669059252,
                0.5825969812986503,
                0.4225008391602034,
                0.2799000888560597,
                0.47011910522770517
            ],
            [
                0.46889032242878687,
                1.0,
                0.35547167554570314,
                0.21762447410599514,
                0.4040730475752417,
                0.04814523938083999,
                0.5135642066452596,
                0.057478249315452784,
                0.5045778509161971,
                0.30799593126986186,
                0.15047122343419758,
                0.1856136480016871,
                0.17290030667025771,
                0.3031081075073095,
                0.21214262601780973,
                0.3242624076868238,
                0.2460507903126404,
                0.3910135902921099,
                0.3739508330312071,
                0.03268255100834164,
                0.06875538693394574,
                0.4079752346374254,
                0.2855898871717698,
                0.3726514865720516,
                0.6770358311347224,
                0.3461093482813881,
                0.25614354418651625,
                0.24847218522213987,
                0.4457960682374437,
                0.19924912667260194,
                0.3838004261457365,
                0.5081667437911205,
                0.3693058308650885,
                0.26013699451632244,
                0.4056480363154519
            ],
            [
                0.5473686644832875,
                0.35547167554570314,
                1.0000000000000002,
                0.22029828471502944,
                0.5499789922730938,
                0.03684058081224731,
                0.4853182095008015,
                0.06025931728995953,
                0.41934164984955735,
                0.3566994082523317,
                0.25888898864002013,
                0.2562253442022131,
                0.2191637519199011,
                0.3832082445281458,
                0.21471612631182607,
                0.4146310320708131,
                0.22980432128735073,
                0.5926189781630388,
                0.32551230287028377,
                0.04167405052011906,
                0.06317379935721645,
                0.3998740038813173,
                0.36564970047743556,
                0.48028613699989503,
                0.3598542790008911,
                0.3921109887922713,
                0.14664755780045477,
                0.2610595279559666,
                0.3896940458781639,
                0.14360918721905386,
                0.5193815804615244,
                0.4768452218118223,
                0.2298776332781958,
                0.1352195038910393,
                0.37087546108094893
            ],
            [
                0.2960505738298175,
                0.21762447410599514,
                0.22029828471502944,
                0.9999999999999998,
                0.2153589605918404,
                0.02970959375632184,
                0.27564395752957915,
                0.033260682134833526,
                0.21863042529345925,
                0.21159454624898502,
                0.16992975539007404,
                0.13636490041307817,
                0.13918642300665324,
                0.2510930674277256,
                0.14356943558610077,
                0.25069052636765626,
                0.24970997984587598,
                0.18560250530697583,
                0.27723279711279036,
                0.02284216582479316,
                0.053857014224861575,
                0.28269694602507206,
                0.19695930468711953,
                0.19422689621769718,
                0.2589480000786252,
                0.26969215528185986,
                0.2436482234333412,
                0.23026698310043825,
                0.2623860991757564,
                0.1593440541595493,
                0.21970073646982677,
                0.2876968985223055,
                0.27001333614784745,
                0.1607548875684136,
                0.252396145918799
            ],
            [
                0.481626855841145,
                0.4040730475752417,
                0.5499789922730938,
                0.2153589605918404,
                1.0,
                0.033486656863282394,
                0.4595040882066165,
                0.06086452255761748,
                0.37563562963120173,
                0.35535229500215393,
                0.2553877812035238,
                0.1984424272106409,
                0.18560039799435935,
                0.30951177705966454,
                0.202229410185582,
                0.39137064298121194,
                0.2754816633410658,
                0.522370546747216,
                0.355750900286211,
                0.050821397404817906,
                0.06053432829302046,
                0.37888133110810984,
                0.3696933363065507,
                0.498317886753699,
                0.36097837208967354,
                0.3596184820829388,
                0.22572149592091223,
                0.2507973933609546,
                0.4167946683988161,
                0.12330510382076469,
                0.4499128215283798,
                0.4586797749468492,
                0.28361847313042843,
                0.1536776425593072,
                0.3629479816260486
            ],
            [
                0.054493820474647965,
                0.04814523938083999,
                0.03684058081224731,
                0.02970959375632184,
                0.033486656863282394,
                0.9999999999999998,
                0.0494632072107663,
                0.008670878631717142,
                0.048487617771362054,
                0.02738462381502131,
                0.031425145196021395,
                0.024079222145622116,
                0.4824563084271742,
                0.04705664106731558,
                0.02331554842183689,
                0.0362051766922116,
                0.03350880466037443,
                0.03077757466721427,
                0.015957757922306304,
                0.003751509971417827,
                0.006809097940038118,
                0.04316697827109355,
                0.03573936867951777,
                0.02956432704309422,
                0.05044217535992503,
                0.052249863170582056,
                0.017767177861848508,
                0.05856300760360628,
                0.028922731790836768,
                0.021946315053572314,
                0.03540370616672212,
                0.045774528374427616,
                0.048737546868819336,
                0.035451138475429765,
                0.03780771993390786
            ],
            [
                0.5902067895928294,
                0.5135642066452596,
                0.4853182095008015,
                0.27564395752957915,
                0.4595040882066165,
                0.0494632072107663,
                1.0000000000000002,
                0.09675902963173523,
                0.7452988790581497,
                0.3538427834286845,
                0.148003735479733,
                0.26878410578607764,
                0.2980676598886988,
                0.417267237112866,
                0.24030731233318456,
                0.45131774358142984,
                0.283662336759078,
                0.5257491691851038,
                0.5425595499610695,
                0.031881715132074946,
                0.07632378422352278,
                0.5913334479164535,
                0.37541557187358726,
                0.46279408686283874,
                0.5999280597411247,
                0.4888350483433497,
                0.2962135976351833,
                0.3320874374936152,
                0.6087003864839448,
                0.22431986375157603,
                0.6133556006348527,
                0.8822681138461834,
                0.447235421495985,
                0.2942103134544492,
                0.6528011960875669
            ],
            [
                0.06644487748049527,
                0.057478249315452784,
                0.06025931728995953,
                0.033260682134833526,
                0.06086452255761748,
                0.008670878631717142,
                0.09675902963173523,
                1.0,
                0.09976327661194892,
                0.03899763703082172,
                0.014547505879308163,
                0.03395736272602944,
                0.036167030781619536,
                0.044289146323832705,
                0.03329563042233588,
                0.04498352896359528,
                0.036980206573552894,
                0.06592397089384044,
                0.07345044069895092,
                0.0066260433617161,
                0.009120115403154919,
                0.05636721242278558,
                0.0416585369661773,
                0.058340864336596535,
                0.06486116956176972,
                0.06436297158673063,
                0.03229041258599382,
                0.03348083648803744,
                0.0666287043684252,
                0.02157162468216552,
                0.0983777201256669,
                0.09950508931210787,
                0.05269358723144629,
                0.03439402736689626,
                0.08348630954116715
            ],
            [
                0.5647163174895149,
                0.5045778509161971,
                0.41934164984955735,
                0.21863042529345925,
                0.37563562963120173,
                0.048487617771362054,
                0.7452988790581497,
                0.09976327661194892,
                1.0,
                0.3333596001073398,
                0.0938434906337411,
                0.2678652680051977,
                0.246256520576287,
                0.39989265068407354,
                0.21283280371049423,
                0.421776666606118,
                0.2495195645755727,
                0.444650694442684,
                0.4928874244664937,
                0.04790848879396895,
                0.057624932455589334,
                0.5972891302714708,
                0.35088137517980655,
                0.41029280736794166,
                0.48469162158289275,
                0.4813429178076818,
                0.28365220130299756,
                0.33723552303539434,
                0.5705316984775848,
                0.15146899983438092,
                0.8073135931196368,
                0.7463643276826627,
                0.4104019132899846,
                0.23875874849420917,
                0.5236260333043753
            ],
            [
                0.3347431512690561,
                0.30799593126986186,
                0.3566994082523317,
                0.21159454624898502,
                0.35535229500215393,
                0.02738462381502131,
                0.3538427834286845,
                0.03899763703082172,
                0.3333596001073398,
                1.0,
                0.18404193432666718,
                0.15559311361102868,
                0.12051868355660617,
                0.20111128660737043,
                0.20907918109938192,
                0.2544914087304166,
                0.16620632269841487,
                0.384576144789415,
                0.24173331775057688,
                0.026922005944228916,
                0.022705804987754222,
                0.29057072647614407,
                0.2355983387205673,
                0.33786337611274325,
                0.3648653012984509,
                0.2241216716110102,
                0.18008995315379642,
                0.1517722042751295,
                0.29018980707385705,
                0.13181750101541456,
                0.30905153782607897,
                0.34426358288878556,
                0.2742768643121841,
                0.16282501113316195,
                0.23554034912711874
            ],
            [
                0.24642429723446463,
                0.15047122343419758,
                0.25888898864002013,
                0.16992975539007404,
                0.2553877812035238,
                0.031425145196021395,
                0.148003735479733,
                0.014547505879308163,
                0.0938434906337411,
                0.18404193432666718,
                1.0000000000000002,
                0.11308680577152834,
                0.18558191869749893,
                0.314664888145074,
                0.20873194734713094,
                0.24804830529921906,
                0.26611116603963186,
                0.17226152499157238,
                0.34475385668628233,
                0.018434598199901616,
                0.03593082460037648,
                0.1951699834969204,
                0.09118132324911098,
                0.20759586779772604,
                0.15354823473861878,
                0.28071907582451505,
                0.31771150230277856,
                0.2819597038011633,
                0.15821477865286154,
                0.1686182467972237,
                0.0972887063041463,
                0.1678268914541264,
                0.2847107185723745,
                0.19529309959078353,
                0.23336272010480827
            ],
            [
                0.28166385807748756,
                0.1856136480016871,
                0.2562253442022131,
                0.13636490041307817,
                0.1984424272106409,
                0.024079222145622116,
                0.26878410578607764,
                0.03395736272602944,
                0.2678652680051977,
                0.15559311361102868,
                0.11308680577152834,
                1.0,
                0.12231878804139722,
                0.1972521226216385,
                0.11746307997594141,
                0.20948872537172147,
                0.14348657769821196,
                0.22844612227320296,
                0.2303360282814799,
                0.02006460629359129,
                0.0423813562194711,
                0.21197151770739817,
                0.16223838362642592,
                0.30226130123306993,
                0.22000469776129375,
                0.22823337760917733,
                0.13801224001674145,
                0.16902043180377477,
                0.22604155344892077,
                0.0833847298389586,
                0.20601232007991374,
                0.2658966726796265,
                0.19661181486005147,
                0.14582191501604647,
                0.20610340755497222
            ],
            [
                0.2676675345124392,
                0.17290030667025771,
                0.2191637519199011,
                0.13918642300665324,
                0.18560039799435935,
                0.4824563084271742,
                0.2980676598886988,
                0.036167030781619536,
                0.246256520576287,
                0.12051868355660617,
                0.18558191869749893,
                0.12231878804139722,
                1.0,
                0.30583142125129464,
                0.12616071877244792,
                0.21813256611320928,
                0.17582331660802566,
                0.1746390324286287,
                0.3074410207770396,
                0.017179655329404693,
                0.008659830727220406,
                0.2183164739971899,
                0.14513333641638151,
                0.18938646208298787,
                0.207508136793362,
                0.29583248215839403,
                0.14758809823307165,
                0.29871636341510405,
                0.261869778865888,
                0.10586214138677777,
                0.1783971532779392,
                0.301411875393647,
                0.23495387896876455,
                0.14495698360598303,
                0.23166619355576723
            ],
            [
                0.4209331175269068,
                0.3031081075073095,
                0.3832082445281458,
                0.2510930674277256,
                0.30951177705966454,
                0.04705664106731558,
                0.417267237112866,
                0.044289146323832705,
                0.39989265068407354,
                0.20111128660737043,
                0.314664888145074,
                0.1972521226216385,
                0.30583142125129464,
                1.0000000000000002,
                0.18834285260142833,
                0.34992316798919826,
                0.31378088578782193,
                0.27407374387916483,
                0.5198382634708641,
                0.03220973354403849,
                0.04817215558629157,
                0.37582779871439886,
                0.2171515431690507,
                0.36137511599217176,
                0.3394891214071668,
                0.5355638785706738,
                0.22919918870780012,
                0.5731550454053812,
                0.4189872954809067,
                0.17141022196804376,
                0.3016438055926408,
                0.4214048008237392,
                0.3382250051557055,
                0.2273423086793932,
                0.4083750548066435
            ],
            [
                0.22663278110556462,
                0.21214262601780973,
                0.21471612631182607,
                0.14356943558610077,
                0.202229410185582,
                0.02331554842183689,
                0.24030731233318456,
                0.03329563042233588,
                0.21283280371049423,
                0.20907918109938192,
                0.20873194734713094,
                0.11746307997594141,
                0.12616071877244792,
                0.18834285260142833,
                1.0,
                0.18659777648510623,
                0.17750805531913774,
                0.16940464175075617,
                0.2321972292106331,
                0.02198778370153308,
                0.027113187737178933,
                0.2066385749202706,
                0.12930887121008325,
                0.20617558733572533,
                0.22844030557200595,
                0.21931203136894736,
                0.19119425688875413,
                0.16584877605495005,
                0.20566055182792428,
                0.17571379517147662,
                0.21983897761384968,
                0.2443435141521085,
                0.2281519160484255,
                0.15474311583055558,
                0.17148120683757997
            ],
            [
                0.4666017266587248,
                0.3242624076868238,
                0.4146310320708131,
                0.25069052636765626,
                0.39137064298121194,
                0.0362051766922116,
                0.45131774358142984,
                0.04498352896359528,
                0.421776666606118,
                0.2544914087304166,
                0.24804830529921906,
                0.20948872537172147,
                0.21813256611320928,
                0.34992316798919826,
                0.18659777648510623,
                0.9999999999999999,
                0.2837259138880782,
                0.3683748886213324,
                0.4132819745772919,
                0.029120649188017253,
                0.07266263000117774,
                0.3746647859506114,
                0.2775970407159144,
                0.3503448771018715,
                0.39343921450724023,
                0.388112886180266,
                0.23969562092409577,
                0.32401558529788776,
                0.38414429886118345,
                0.1834636309967214,
                0.33027225379160063,
                0.45683340776277526,
                0.33891202865942605,
                0.22559110512959782,
                0.3658100146967035
            ],
            [
                0.28810296326151646,
                0.2460507903126404,
                0.22980432128735073,
                0.24970997984587598,
                0.2754816633410658,
                0.03350880466037443,
                0.283662336759078,
                0.036980206573552894,
                0.2495195645755727,
                0.16620632269841487,
                0.26611116603963186,
                0.14348657769821196,
                0.17582331660802566,
                0.31378088578782193,
                0.17750805531913774,
                0.2837259138880782,
                1.0,
                0.18915144245079585,
                0.34047053363674507,
                0.02685767112354169,
                0.044448289572022834,
                0.28135405724934753,
                0.18993004593207677,
                0.20648939372854058,
                0.22509189476829325,
                0.3205281067754065,
                0.2571554292028414,
                0.3006661880197238,
                0.25707671539817323,
                0.16527783315641142,
                0.24081558735811712,
                0.3015698493849854,
                0.2904580256260347,
                0.20880122629620837,
                0.28619010324097166
            ],
            [
                0.5317365026837854,
                0.3910135902921099,
                0.5926189781630388,
                0.18560250530697583,
                0.522370546747216,
                0.03077757466721427,
                0.5257491691851038,
                0.06592397089384044,
                0.444650694442684,
                0.384576144789415,
                0.17226152499157238,
                0.22844612227320296,
                0.1746390324286287,
                0.27407374387916483,
                0.16940464175075617,
                0.3683748886213324,
                0.18915144245079585,
                1.0000000000000002,
                0.30039496995018944,
                0.04213746428714583,
                0.05708065402544929,
                0.4101089035997092,
                0.40153827237533624,
                0.49196617673429427,
                0.38533057324015757,
                0.31564741383262673,
                0.15791187878905355,
                0.1843485528661554,
                0.4073988301674182,
                0.10723145398584874,
                0.5384602952115991,
                0.519362043047717,
                0.2680420067556658,
                0.14798924921210524,
                0.36488819719788645
            ],
            [
                0.5066655918932289,
                0.3739508330312071,
                0.32551230287028377,
                0.27723279711279036,
                0.355750900286211,
                0.015957757922306304,
                0.5425595499610695,
                0.07345044069895092,
                0.4928874244664937,
                0.24173331775057688,
                0.34475385668628233,
                0.2303360282814799,
                0.3074410207770396,
                0.5198382634708641,
                0.2321972292106331,
                0.4132819745772919,
                0.34047053363674507,
                0.30039496995018944,
                1.0,
                -0.019194885686696576,
                0.05895228396556203,
                0.46315312421115495,
                0.24900170801889657,
                0.3010713479127867,
                0.4585200365046345,
                0.5653930847327981,
                0.2644616119464315,
                0.44501117521499184,
                0.4795357198500772,
                0.21462906952866168,
                0.35077673307254553,
                0.533653506071903,
                0.47296074947514594,
                0.30786789637094397,
                0.4888776361898456
            ],
            [
                0.04493111870118678,
                0.03268255100834164,
                0.04167405052011906,
                0.02284216582479316,
                0.050821397404817906,
                0.003751509971417827,
                0.031881715132074946,
                0.0066260433617161,
                0.04790848879396895,
                0.026922005944228916,
                0.018434598199901616,
                0.02006460629359129,
                0.017179655329404693,
                0.03220973354403849,
                0.02198778370153308,
                0.029120649188017253,
                0.02685767112354169,
                0.04213746428714583,
                -0.019194885686696576,
                1.0,
                0.005010168731796408,
                0.038597521631493464,
                0.0331302631807951,
                0.04127056382944348,
                0.04407793525686941,
                0.023422925817699797,
                0.02793382981753171,
                0.01530206179911164,
                0.03771802574262927,
                0.017805306368323864,
                0.03917005217827961,
                0.028406797897190354,
                0.03641669601723814,
                0.02307479361440363,
                0.01604763218514763
            ],
            [
                0.08208246467159007,
                0.06875538693394574,
                0.06317379935721645,
                0.053857014224861575,
                0.06053432829302046,
                0.006809097940038118,
                0.07632378422352278,
                0.009120115403154919,
                0.057624932455589334,
                0.022705804987754222,
                0.03593082460037648,
                0.0423813562194711,
                0.008659830727220406,
                0.04817215558629157,
                0.027113187737178933,
                0.07266263000117774,
                0.044448289572022834,
                0.05708065402544929,
                0.05895228396556203,
                0.005010168731796408,
                0.9999999999999998,
                0.06678323269304247,
                0.05197880444140346,
                0.05632189876444903,
                0.05682264697968141,
                0.04132677574123108,
                0.042648818562200964,
                0.03748437948650657,
                0.05295047066454039,
                0.025159654416189694,
                0.06078325720012328,
                0.07227511752169347,
                0.060893546642673615,
                0.040351253784130146,
                0.06695016615587665
            ],
            [
                0.4786258944923663,
                0.4079752346374254,
                0.3998740038813173,
                0.28269694602507206,
                0.37888133110810984,
                0.04316697827109355,
                0.5913334479164535,
                0.05636721242278558,
                0.5972891302714708,
                0.29057072647614407,
                0.1951699834969204,
                0.21197151770739817,
                0.2183164739971899,
                0.37582779871439886,
                0.2066385749202706,
                0.3746647859506114,
                0.28135405724934753,
                0.4101089035997092,
                0.46315312421115495,
                0.038597521631493464,
                0.06678323269304247,
                0.9999999999999999,
                0.31184640278943376,
                0.3797240609447631,
                0.4997088473301341,
                0.41024551904594025,
                0.23810525299890542,
                0.3031622968180338,
                0.47827500617090435,
                0.1844517713416376,
                0.4983951181487201,
                0.5931691194826452,
                0.38025570911761336,
                0.2635176995401519,
                0.4590590586565979
            ],
            [
                0.3335003666883882,
                0.2855898871717698,
                0.36564970047743556,
                0.19695930468711953,
                0.3696933363065507,
                0.03573936867951777,
                0.37541557187358726,
                0.0416585369661773,
                0.35088137517980655,
                0.2355983387205673,
                0.09118132324911098,
                0.16223838362642592,
                0.14513333641638151,
                0.2171515431690507,
                0.12930887121008325,
                0.2775970407159144,
                0.18993004593207677,
                0.40153827237533624,
                0.24900170801889657,
                0.0331302631807951,
                0.05197880444140346,
                0.31184640278943376,
                1.0000000000000002,
                0.3592601737242431,
                0.3416614569780174,
                0.23972452925705157,
                0.16762027943297722,
                0.16764484768322302,
                0.30696180617359353,
                0.12037478336353027,
                0.2902571684960662,
                0.36502219407984504,
                0.24333590204235686,
                0.18970218906743516,
                0.27000977643781937
            ],
            [
                0.49574231849179734,
                0.3726514865720516,
                0.48028613699989503,
                0.19422689621769718,
                0.498317886753699,
                0.02956432704309422,
                0.46279408686283874,
                0.058340864336596535,
                0.41029280736794166,
                0.33786337611274325,
                0.20759586779772604,
                0.30226130123306993,
                0.18938646208298787,
                0.36137511599217176,
                0.20617558733572533,
                0.3503448771018715,
                0.20648939372854058,
                0.49196617673429427,
                0.3010713479127867,
                0.04127056382944348,
                0.05632189876444903,
                0.3797240609447631,
                0.3592601737242431,
                0.9999999999999998,
                0.34364005100507766,
                0.36533786541565616,
                0.14386750886567412,
                0.26634360395219453,
                0.4124200087599343,
                0.1212867307836532,
                0.519415378115604,
                0.46489765778085856,
                0.19695116197691934,
                0.11364817537425374,
                0.3785336796060025
            ],
            [
                0.5467936280145121,
                0.6770358311347224,
                0.3598542790008911,
                0.2589480000786252,
                0.36097837208967354,
                0.05044217535992503,
                0.5999280597411247,
                0.06486116956176972,
                0.48469162158289275,
                0.3648653012984509,
                0.15354823473861878,
                0.22000469776129375,
                0.207508136793362,
                0.3394891214071668,
                0.22844030557200595,
                0.39343921450724023,
                0.22509189476829325,
                0.38533057324015757,
                0.4585200365046345,
                0.04407793525686941,
                0.05682264697968141,
                0.4997088473301341,
                0.3416614569780174,
                0.34364005100507766,
                0.9999999999999999,
                0.43483280602001484,
                0.27692385205877895,
                0.2757460156863737,
                0.5911666790594332,
                0.2035867781015398,
                0.47727651364183316,
                0.6122585432508081,
                0.44908076797193897,
                0.2789816351982394,
                0.43041476495798586
            ],
            [
                0.4706057294485027,
                0.3461093482813881,
                0.3921109887922713,
                0.26969215528185986,
                0.3596184820829388,
                0.052249863170582056,
                0.4888350483433497,
                0.06436297158673063,
                0.4813429178076818,
                0.2241216716110102,
                0.28071907582451505,
                0.22823337760917733,
                0.29583248215839403,
                0.5355638785706738,
                0.21931203136894736,
                0.388112886180266,
                0.3205281067754065,
                0.31564741383262673,
                0.5653930847327981,
                0.023422925817699797,
                0.04132677574123108,
                0.41024551904594025,
                0.23972452925705157,
                0.36533786541565616,
                0.43483280602001484,
                1.0000000000000002,
                0.2755795894810328,
                0.45252572010413317,
                0.46805762296301295,
                0.20073079479750297,
                0.35416956975793434,
                0.4943290162296303,
                0.3891735244876594,
                0.24857961883437027,
                0.4693843408713369
            ],
            [
                0.2703226893026421,
                0.25614354418651625,
                0.14664755780045477,
                0.2436482234333412,
                0.22572149592091223,
                0.017767177861848508,
                0.2962135976351833,
                0.03229041258599382,
                0.28365220130299756,
                0.18008995315379642,
                0.31771150230277856,
                0.13801224001674145,
                0.14758809823307165,
                0.22919918870780012,
                0.19119425688875413,
                0.23969562092409577,
                0.2571554292028414,
                0.15791187878905355,
                0.2644616119464315,
                0.02793382981753171,
                0.042648818562200964,
                0.23810525299890542,
                0.16762027943297722,
                0.14386750886567412,
                0.27692385205877895,
                0.2755795894810328,
                1.0000000000000002,
                0.2058798992344703,
                0.25067436360564854,
                0.2015465942176961,
                0.2213584980071672,
                0.31441572219025565,
                0.27492029687783515,
                0.23569754220394953,
                0.2815343141552229
            ],
            [
                0.3366704998705049,
                0.24847218522213987,
                0.2610595279559666,
                0.23026698310043825,
                0.2507973933609546,
                0.05856300760360628,
                0.3320874374936152,
                0.03348083648803744,
                0.33723552303539434,
                0.1517722042751295,
                0.2819597038011633,
                0.16902043180377477,
                0.29871636341510405,
                0.5731550454053812,
                0.16584877605495005,
                0.32401558529788776,
                0.3006661880197238,
                0.1843485528661554,
                0.44501117521499184,
                0.01530206179911164,
                0.03748437948650657,
                0.3031622968180338,
                0.16764484768322302,
                0.26634360395219453,
                0.2757460156863737,
                0.45252572010413317,
                0.2058798992344703,
                1.0,
                0.3170522432506647,
                0.13821322796795513,
                0.21836869389658697,
                0.33895554578007053,
                0.311080060494234,
                0.2240891193629616,
                0.35441954023542743
            ],
            [
                0.5397101301390951,
                0.4457960682374437,
                0.3896940458781639,
                0.2623860991757564,
                0.4167946683988161,
                0.028922731790836768,
                0.6087003864839448,
                0.0666287043684252,
                0.5705316984775848,
                0.29018980707385705,
                0.15821477865286154,
                0.22604155344892077,
                0.261869778865888,
                0.4189872954809067,
                0.20566055182792428,
                0.38414429886118345,
                0.25707671539817323,
                0.4073988301674182,
                0.4795357198500772,
                0.03771802574262927,
                0.05295047066454039,
                0.47827500617090435,
                0.30696180617359353,
                0.4124200087599343,
                0.5911666790594332,
                0.46805762296301295,
                0.25067436360564854,
                0.3170522432506647,
                0.9999999999999999,
                0.18375217873931973,
                0.44133698773199337,
                0.6161379887452254,
                0.39780813814029564,
                0.27597938723313314,
                0.49030624285004915
            ],
            [
                0.20842415534100583,
                0.19924912667260194,
                0.14360918721905386,
                0.1593440541595493,
                0.12330510382076469,
                0.021946315053572314,
                0.22431986375157603,
                0.02157162468216552,
                0.15146899983438092,
                0.13181750101541456,
                0.1686182467972237,
                0.0833847298389586,
                0.10586214138677777,
                0.17141022196804376,
                0.17571379517147662,
                0.1834636309967214,
                0.16527783315641142,
                0.10723145398584874,
                0.21462906952866168,
                0.017805306368323864,
                0.025159654416189694,
                0.1844517713416376,
                0.12037478336353027,
                0.1212867307836532,
                0.2035867781015398,
                0.20073079479750297,
                0.2015465942176961,
                0.13821322796795513,
